The 256-color palette demonstration

16 standard colors:
[[38;5;0;48;5;0m##[0m[38;5;1;48;5;1m##[0m[38;5;2;48;5;2m##[0m[38;5;3;48;5;3m##[0m[38;5;4;48;5;4m##[0m[38;5;5;48;5;5m##[0m[38;5;6;48;5;6m##[0m[38;5;7;48;5;7m##[0m[38;5;8;48;5;8m##[0m[38;5;9;48;5;9m##[0m[38;5;10;48;5;10m##[0m[38;5;11;48;5;11m##[0m[38;5;12;48;5;12m##[0m[38;5;13;48;5;13m##[0m[38;5;14;48;5;14m##[0m[38;5;15;48;5;15m##[0m]

216 colors as 6x6x6 RGB palette:
[[38;5;16;48;5;16m##[0m[38;5;17;48;5;17m##[0m[38;5;18;48;5;18m##[0m[38;5;19;48;5;19m##[0m[38;5;20;48;5;20m##[0m[38;5;21;48;5;21m##[0m[38;5;22;48;5;22m##[0m[38;5;23;48;5;23m##[0m[38;5;24;48;5;24m##[0m[38;5;25;48;5;25m##[0m[38;5;26;48;5;26m##[0m[38;5;27;48;5;27m##[0m[38;5;28;48;5;28m##[0m[38;5;29;48;5;29m##[0m[38;5;30;48;5;30m##[0m[38;5;31;48;5;31m##[0m[38;5;32;48;5;32m##[0m[38;5;33;48;5;33m##[0m[38;5;34;48;5;34m##[0m[38;5;35;48;5;35m##[0m[38;5;36;48;5;36m##[0m[38;5;37;48;5;37m##[0m[38;5;38;48;5;38m##[0m[38;5;39;48;5;39m##[0m[38;5;40;48;5;40m##[0m[38;5;41;48;5;41m##[0m[38;5;42;48;5;42m##[0m[38;5;43;48;5;43m##[0m[38;5;44;48;5;44m##[0m[38;5;45;48;5;45m##[0m[38;5;46;48;5;46m##[0m[38;5;47;48;5;47m##[0m[38;5;48;48;5;48m##[0m[38;5;49;48;5;49m##[0m[38;5;50;48;5;50m##[0m[38;5;51;48;5;51m##[0m]
[[38;5;52;48;5;52m##[0m[38;5;53;48;5;53m##[0m[38;5;54;48;5;54m##[0m[38;5;55;48;5;55m##[0m[38;5;56;48;5;56m##[0m[38;5;57;48;5;57m##[0m[38;5;58;48;5;58m##[0m[38;5;59;48;5;59m##[0m[38;5;60;48;5;60m##[0m[38;5;61;48;5;61m##[0m[38;5;62;48;5;62m##[0m[38;5;63;48;5;63m##[0m[38;5;64;48;5;64m##[0m[38;5;65;48;5;65m##[0m[38;5;66;48;5;66m##[0m[38;5;67;48;5;67m##[0m[38;5;68;48;5;68m##[0m[38;5;69;48;5;69m##[0m[38;5;70;48;5;70m##[0m[38;5;71;48;5;71m##[0m[38;5;72;48;5;72m##[0m[38;5;73;48;5;73m##[0m[38;5;74;48;5;74m##[0m[38;5;75;48;5;75m##[0m[38;5;76;48;5;76m##[0m[38;5;77;48;5;77m##[0m[38;5;78;48;5;78m##[0m[38;5;79;48;5;79m##[0m[38;5;80;48;5;80m##[0m[38;5;81;48;5;81m##[0m[38;5;82;48;5;82m##[0m[38;5;83;48;5;83m##[0m[38;5;84;48;5;84m##[0m[38;5;85;48;5;85m##[0m[38;5;86;48;5;86m##[0m[38;5;87;48;5;87m##[0m]
[[38;5;88;48;5;88m##[0m[38;5;89;48;5;89m##[0m[38;5;90;48;5;90m##[0m[38;5;91;48;5;91m##[0m[38;5;92;48;5;92m##[0m[38;5;93;48;5;93m##[0m[38;5;94;48;5;94m##[0m[38;5;95;48;5;95m##[0m[38;5;96;48;5;96m##[0m[38;5;97;48;5;97m##[0m[38;5;98;48;5;98m##[0m[38;5;99;48;5;99m##[0m[38;5;100;48;5;100m##[0m[38;5;101;48;5;101m##[0m[38;5;102;48;5;102m##[0m[38;5;103;48;5;103m##[0m[38;5;104;48;5;104m##[0m[38;5;105;48;5;105m##[0m[38;5;106;48;5;106m##[0m[38;5;107;48;5;107m##[0m[38;5;108;48;5;108m##[0m[38;5;109;48;5;109m##[0m[38;5;110;48;5;110m##[0m[38;5;111;48;5;111m##[0m[38;5;112;48;5;112m##[0m[38;5;113;48;5;113m##[0m[38;5;114;48;5;114m##[0m[38;5;115;48;5;115m##[0m[38;5;116;48;5;116m##[0m[38;5;117;48;5;117m##[0m[38;5;118;48;5;118m##[0m[38;5;119;48;5;119m##[0m[38;5;120;48;5;120m##[0m[38;5;121;48;5;121m##[0m[38;5;122;48;5;122m##[0m[38;5;123;48;5;123m##[0m]
[[38;5;124;48;5;124m##[0m[38;5;125;48;5;125m##[0m[38;5;126;48;5;126m##[0m[38;5;127;48;5;127m##[0m[38;5;128;48;5;128m##[0m[38;5;129;48;5;129m##[0m[38;5;130;48;5;130m##[0m[38;5;131;48;5;131m##[0m[38;5;132;48;5;132m##[0m[38;5;133;48;5;133m##[0m[38;5;134;48;5;134m##[0m[38;5;135;48;5;135m##[0m[38;5;136;48;5;136m##[0m[38;5;137;48;5;137m##[0m[38;5;138;48;5;138m##[0m[38;5;139;48;5;139m##[0m[38;5;140;48;5;140m##[0m[38;5;141;48;5;141m##[0m[38;5;142;48;5;142m##[0m[38;5;143;48;5;143m##[0m[38;5;144;48;5;144m##[0m[38;5;145;48;5;145m##[0m[38;5;146;48;5;146m##[0m[38;5;147;48;5;147m##[0m[38;5;148;48;5;148m##[0m[38;5;149;48;5;149m##[0m[38;5;150;48;5;150m##[0m[38;5;151;48;5;151m##[0m[38;5;152;48;5;152m##[0m[38;5;153;48;5;153m##[0m[38;5;154;48;5;154m##[0m[38;5;155;48;5;155m##[0m[38;5;156;48;5;156m##[0m[38;5;157;48;5;157m##[0m[38;5;158;48;5;158m##[0m[38;5;159;48;5;159m##[0m]
[[38;5;160;48;5;160m##[0m[38;5;161;48;5;161m##[0m[38;5;162;48;5;162m##[0m[38;5;163;48;5;163m##[0m[38;5;164;48;5;164m##[0m[38;5;165;48;5;165m##[0m[38;5;166;48;5;166m##[0m[38;5;167;48;5;167m##[0m[38;5;168;48;5;168m##[0m[38;5;169;48;5;169m##[0m[38;5;170;48;5;170m##[0m[38;5;171;48;5;171m##[0m[38;5;172;48;5;172m##[0m[38;5;173;48;5;173m##[0m[38;5;174;48;5;174m##[0m[38;5;175;48;5;175m##[0m[38;5;176;48;5;176m##[0m[38;5;177;48;5;177m##[0m[38;5;178;48;5;178m##[0m[38;5;179;48;5;179m##[0m[38;5;180;48;5;180m##[0m[38;5;181;48;5;181m##[0m[38;5;182;48;5;182m##[0m[38;5;183;48;5;183m##[0m[38;5;184;48;5;184m##[0m[38;5;185;48;5;185m##[0m[38;5;186;48;5;186m##[0m[38;5;187;48;5;187m##[0m[38;5;188;48;5;188m##[0m[38;5;189;48;5;189m##[0m[38;5;190;48;5;190m##[0m[38;5;191;48;5;191m##[0m[38;5;192;48;5;192m##[0m[38;5;193;48;5;193m##[0m[38;5;194;48;5;194m##[0m[38;5;195;48;5;195m##[0m]
[[38;5;196;48;5;196m##[0m[38;5;197;48;5;197m##[0m[38;5;198;48;5;198m##[0m[38;5;199;48;5;199m##[0m[38;5;200;48;5;200m##[0m[38;5;201;48;5;201m##[0m[38;5;202;48;5;202m##[0m[38;5;203;48;5;203m##[0m[38;5;204;48;5;204m##[0m[38;5;205;48;5;205m##[0m[38;5;206;48;5;206m##[0m[38;5;207;48;5;207m##[0m[38;5;208;48;5;208m##[0m[38;5;209;48;5;209m##[0m[38;5;210;48;5;210m##[0m[38;5;211;48;5;211m##[0m[38;5;212;48;5;212m##[0m[38;5;213;48;5;213m##[0m[38;5;214;48;5;214m##[0m[38;5;215;48;5;215m##[0m[38;5;216;48;5;216m##[0m[38;5;217;48;5;217m##[0m[38;5;218;48;5;218m##[0m[38;5;219;48;5;219m##[0m[38;5;220;48;5;220m##[0m[38;5;221;48;5;221m##[0m[38;5;222;48;5;222m##[0m[38;5;223;48;5;223m##[0m[38;5;224;48;5;224m##[0m[38;5;225;48;5;225m##[0m[38;5;226;48;5;226m##[0m[38;5;227;48;5;227m##[0m[38;5;228;48;5;228m##[0m[38;5;229;48;5;229m##[0m[38;5;230;48;5;230m##[0m[38;5;231;48;5;231m##[0m]

24 shades of gray:
[[38;5;232;48;5;232m##[0m[38;5;233;48;5;233m##[0m[38;5;234;48;5;234m##[0m[38;5;235;48;5;235m##[0m[38;5;236;48;5;236m##[0m[38;5;237;48;5;237m##[0m[38;5;238;48;5;238m##[0m[38;5;239;48;5;239m##[0m[38;5;240;48;5;240m##[0m[38;5;241;48;5;241m##[0m[38;5;242;48;5;242m##[0m[38;5;243;48;5;243m##[0m[38;5;244;48;5;244m##[0m[38;5;245;48;5;245m##[0m[38;5;246;48;5;246m##[0m[38;5;247;48;5;247m##[0m[38;5;248;48;5;248m##[0m[38;5;249;48;5;249m##[0m[38;5;250;48;5;250m##[0m[38;5;251;48;5;251m##[0m[38;5;252;48;5;252m##[0m[38;5;253;48;5;253m##[0m[38;5;254;48;5;254m##[0m[38;5;255;48;5;255m##[0m]
